193.52470145929053
207.339175682159
149.7948906314472
175.8434263245403
204.56427230810138
222.9538794754125
201.0415654518652
217.15034934535822
197.90531871863803
229.14883316140097
232.5049272453418
121.85979308272526
71.99437834912632
85.04092774556328
53.21190878493696
92.14026716175033
40.69238010598488
40.941666069485706
20.07890157593782
41.65340255295203
37.88460506229553
35.44296850607263
26.61461708745292
35.46546083491845
84.36623384900682
86.96440664892955
89.06658699994657
104.5375203035909
46.900808131499815
53.4232211268968
30.77504659412626
50.681891333026314
56.900808131499836
63.42322112689671
40.7750465941262
236.14024003300554
188.17028077245652
164.71517682016912
173.84728446513063
300.54858170959784
4
